A = [1 2 3;10 5 6;[7 8 9]
];

B = [1 2 3;10 5 6; 7 8
 9];

 a=2.5+666+exp(2)+sin(.5);
 x=rand(3,3)
 z=[1 2 3;10 5 6;[7 8 9]
1 2 3;10 5 6;[7 8 9]
[1 2 3;10 5 6;[7 8 9]]
[1 2 3;10 5 6;[7 8 9
]]];
[1 2 3;10 5 6;[7 8 9]
];[1 2 3;10 5 6;[7 8 9]
];[1 2 3;10 5 6;[7 8 9]
];[1 2 3;10 5 6;[7 8 9]
];
C = A + B

D = A - B

E = A * B

F = A / B

G = 1 ./ A

H = C'
